0.0	0.23156978404192713
0.001	0.2378601834029362
0.002	0.2441505827639462
0.003	0.2504409821249553
0.004	0.2567313814859653
0.005	0.2630217808469753
0.006	0.2693121802079844
0.007	0.2756025795689944
0.008	0.2818929789300045
0.009	0.28818337829101354
0.01	0.29472764089182646
0.011	0.30260664879846827
0.012	0.31036513315584247
0.013	0.319511836793953
0.014	0.32865854043206466
0.015	0.33780524407017526
0.016	0.34695194770828586
0.017	0.3560986513463965
0.018	0.3652453549845071
0.019	0.37439205862261865
0.02	0.3835387622607293
0.021	0.40079380227818284
0.022	0.4105668621089514
0.023	0.42240709188801034
0.024	0.43538978030929565
0.025	0.4403579696450945
0.026	0.455469677260016
0.027	0.4705813848749386
0.028	0.48569309248986015
0.029	0.5008048001047836
0.03	0.5159165077197052
0.031	0.5310282153346276
0.032	0.5461399229495493
0.033	0.5630140697221664
0.034	0.5781409130668903
0.035	0.597528980777357
0.036	0.613075011541433
0.037	0.6334238599732397
0.038	0.6537727084050465
0.039	0.6741215568368533
0.04	0.694470405268661
0.041	0.7166542320690183
0.042	0.7418941626923728
0.043	0.7669920839601642
0.044	0.7920900052279555
0.045	0.8188293803978002
0.046	0.846626405151658
0.047	0.8744234299055167
0.048	0.9042746249747189
0.049	0.9349809713931744
0.05	0.9674820198191391
0.051	1.0031990676131715
0.052	1.038916115407204
0.053	1.0746563175726005
0.054	1.1134066450650082
0.055	1.1527210322364416
0.056	1.1948666338375218
0.057	1.2389204078626883
0.058	1.2840740484964834
0.059	1.330667341896832
0.06	1.3800561040154071
0.061	1.4301737727315549
0.062	1.48450612512628
0.063	1.538862086465314
0.064	1.5960099191386783
0.065	1.6561715021837553
0.066	1.7171275669586414
0.067	1.7814327986779235
0.068	1.847696160322616
0.069	1.9182674113659808
0.07	1.9888346936485688
0.071	2.0628975482722525
0.072	2.1369604028959266
0.073	2.217870695128014
0.074	2.2999741248199
0.075	2.381285843461355
0.076	2.466834308653052
0.077	2.5547759122804434
0.078	2.644386501270173
0.079	2.735190262111303
0.08	2.828672213816144
0.081	2.9234246692325074
0.082	3.019772447586157
0.083	3.117210268315273
0.084	3.215650941583696
0.085	3.314840870927716
0.086	3.4146621189952135
0.087	3.5144557464583706
0.088	3.6147222330373987
0.089	3.713908081551157
0.09	3.8130939300649063
0.091	3.9119080444765872
0.092	4.0089754574662235
0.093	4.105347549655169
0.094	4.200006874156989
0.095	4.293194633132499
0.096	4.384885649849567
0.097	4.473304914618322
0.098	4.560778651797009
0.099	4.6457753521985845
0.1	4.728973671717742
0.101	4.8090915745803295
0.102	4.887802478154078
0.103	4.963561037119797
0.104	5.037811656908978
0.105	5.107534086133295
0.106	5.175838762267792
0.107	5.244143438402277
0.108	5.306024171678664
0.109	5.365767395546773
0.11	5.42551061941488
0.111	5.4818333379578705
0.112	5.536090538618932
0.113	5.587967251550355
0.114	5.638523670176645
0.115	5.686247121918624
0.116	5.731699292562448
0.117	5.775713364148592
0.118	5.817937939554356
0.119	5.8581011521892075
0.12	5.896534700387037
0.121	5.933091900748326
0.122	5.968478956103447
0.123	6.001769288168056
0.124	6.0339683837761395
0.125	6.063827798998326
0.126	6.092957335483632
0.127	6.120810158544231
0.128	6.147093091783314
0.129	6.172767868885966
0.13	6.196849046537823
0.131	6.219793285931687
0.132	6.241835180214939
0.133	6.262384004826912
0.134	6.282114888588385
0.135	6.301128260198019
0.136	6.318750930335084
0.137	6.335969117940021
0.138	6.351908391469341
0.139	6.366781048903578
0.14	6.3813665274024185
0.141	6.394811964378648
0.142	6.407631490532731
0.143	6.4193783466573695
0.144	6.430699575690256
0.145	6.441099251367504
0.146	6.451054981238553
0.147	6.460210700566038
0.148	6.468518478008085
0.149	6.476928010982098
0.15	6.484092875751498
0.151	6.490868802537217
0.152	6.497004367306083
0.153	6.5024281473936085
0.154	6.507566478498003
0.155	6.511801231194609
0.156	6.515600465233496
0.157	6.518827119524955
0.158	6.521639035625413
0.159	6.523751716794761
0.16	6.525446420331484
0.161	6.526446317545755
0.162	6.527133724668119
0.163	6.527015237074046
0.164	6.526777080759008
0.165	6.525856637475282
0.166	6.524380363444016
0.167	6.522160499355785
0.168	6.519599184788056
0.169	6.516394930159159
0.17	6.512730208624624
0.171	6.5087472863969555
0.172	6.503828687368254
0.173	6.498424687628083
0.174	6.492582216319309
0.175	6.485792993826537
0.176	6.479003771333754
0.177	6.471396616181552
0.178	6.4634194635809825
0.179	6.453755416663762
0.18	6.444091369746541
0.181	6.433762421382788
0.182	6.422587487088767
0.183	6.410926232155728
0.184	6.398309958728386
0.185	6.384824630142434
0.186	6.3709439186323396
0.187	6.3554470186683165
0.188	6.340376181234487
0.189	6.323287680236261
0.19	6.305902077484962
0.191	6.287345145667479
0.192	6.267760362541786
0.193	6.247109043642792
0.194	6.225512456472284
0.195	6.2029112500054495
0.196	6.179019722444849
0.197	6.154318437776178
0.198	6.127875941424319
0.199	6.100617838305079
0.2	6.071438079806084
0.201	6.0414685468102
0.202	6.009603231344269
0.203	5.976420602494219
0.204	5.941259829669867
0.205	5.90491778030158
0.206	5.867260425752478
0.207	5.827799010467664
0.208	5.786195778635874
0.209	5.742242478252099
0.21	5.6968756019261
0.211	5.650161782629089
0.212	5.600829898696447
0.213	5.549215547287021
0.214	5.495322400692435
0.215	5.439127916454753
0.216	5.380583731028668
0.217	5.320691881861716
0.218	5.258306603597912
0.219	5.193123887308587
0.22	5.125571635846954
0.221	5.055121218602515
0.222	4.984670801358068
0.223	4.906369590659043
0.224	4.82883449081237
0.225	4.750760272797713
0.226	4.669092210458605
0.227	4.585456537979197
0.228	4.498303936353896
0.229	4.410415781829078
0.23	4.320071565728342
0.231	4.228059852831558
0.232	4.13512062733413
0.233	4.040092672743256
0.234	3.944810310113963
0.235	3.847602803731415
0.236	3.749848155970803
0.237	3.6518366477679933
0.238	3.5535392835111974
0.239	3.455044143687781
0.24	3.357052964936361
0.241	3.25926360983241
0.242	3.1624083121838944
0.243	3.066486773828349
0.244	2.9712883369044563
0.245	2.877646758710412
0.246	2.786068882105366
0.247	2.6952260317191175
0.248	2.606175632664554
0.249	2.5199524928538444
0.25	2.4353117013615
0.251	2.3530692949351804
0.252	2.272701884396116
0.253	2.1946249995096063
0.254	2.118261144390956
0.255	2.0446160880062654
0.256	1.9730764067540456
0.257	1.9034623362020142
0.258	1.83695907268704
0.259	1.77203050681034
0.26	1.7101080957834354
0.261	1.6502587991564954
0.262	1.5918756104784142
0.263	1.5367111107229992
0.264	1.4824232450234383
0.265	1.4300536007749278
0.266	1.380580405820002
0.267	1.3326611043805612
0.268	1.2865082080290897
0.269	1.2420699946579645
0.27	1.2005931450993652
0.271	1.1587269332841297
0.272	1.1187264486774406
0.273	1.0816765233250063
0.274	1.0460859072804727
0.275	1.0104952912359295
0.276	0.9749046751913959
0.277	0.9474291491785535
0.278	0.914959090176779
0.279	0.8824796893759389
0.28	0.8546057342415136
0.281	0.8277757522060682
0.282	0.8015158663979263
0.283	0.7752559805897842
0.284	0.748996094781642
0.285	0.7227362089735009
0.286	0.703229467755886
0.287	0.6814896263198006
0.288	0.6618209748362082
0.289	0.6413099340927768
0.29	0.6217872556287372
0.291	0.6022645771646976
0.292	0.582741898700658
0.293	0.5696015437471974
0.294	0.552334578312736
0.295	0.5373765192074383
0.296	0.5224184601021408
0.297	0.5074604009968431
0.298	0.49250234189154546
0.299	0.4786800214319167
0.3	0.46524721134904024
0.301	0.45181440126616473
0.302	0.4407849491164079
0.303	0.4267075373195913
0.304	0.41544216461554295
0.305	0.4041767919114956
0.306	0.3929114192074472
0.307	0.3816460465033998
0.308	0.3717355850255149
0.309	0.3628712990297465
0.31	0.35400701303397725
0.311	0.34514272703820886
0.312	0.33299436541805094
0.313	0.31928616166674995
0.314	0.3126009039146476
0.315	0.30591564616254524
0.316	0.29923038841044197
0.317	0.29254513065833965
0.318	0.2858598729062373
0.319	0.279174615154135
0.32	0.27248935740203173
0.321	0.2658040996499294
0.322	0.2591188418978271
0.323	0.25243358414572475
0.324	0.2457483263936224
0.325	0.23906306864151913
0.326	0.2323778108894168
0.327	0.22660796108762726
0.328	0.21831068317812063
0.329	0.21424889599458288
0.33	0.21018710881104416
0.331	0.20612532162750544
0.332	0.20206353444396766
0.333	0.19800174726042896
0.334	0.1939399600768902
0.335	0.18987817289335152
0.336	0.18581638570981374
0.337	0.18175459852627499
0.338	0.1776928113427363
0.339	0.1736310241591985
0.34	0.16956923697565976
0.341	0.16550744979212106
0.342	0.16144566260858234
0.343	0.156782177071336
0.344	0.1535413383765774
0.345	0.15030049968181788
0.346	0.14705966098705933
0.347	0.14381882229230078
0.348	0.1405779835975422
0.349	0.13733714490278268
0.35	0.13466110159699463
0.351	0.13217584850454336
0.352	0.12969059541209207
0.353	0.12720534231963987
0.354	0.1247200892271886
0.355	0.12223483613473733
0.356	0.11974958304228606
0.357	0.11726432994983384
0.358	0.11477907685738258
0.359	0.1122938237649313
0.36	0.1103518401749758
0.361	0.10866498047085639
0.362	0.10697812076673696
0.363	0.10529126106261753
0.364	0.1036044013584981
0.365	0.10191754165437869
0.366	0.10023068195025926
0.367	0.09854382224613983
0.368	0.0968569625420204
0.369	0.09517010283790099
0.37	0.09348324313378212
0.371	0.0917963834296627
0.372	0.09010952372554328
0.373	0.08842266402142385
0.374	0.08673580431730434
0.375	0.08504894461318491
0.376	0.08336208490906548
0.377	0.08167522520494595
0.378	0.07998836550082654
0.379	0.07830150579670711
0.38	0.07661464609258768
0.381	0.07492778638846827
0.382	0.07324092668434884
0.383	0.07367279873217024
0.384	0.07232556145935028
0.385	0.07097832418653031
0.386	0.06963108691371035
0.387	0.06828384964089039
0.388	0.06693661236807043
0.389	0.06558937509525045
0.39	0.06424213782243049
0.391	0.06289490054961053
0.392	0.061547663276790565
0.393	0.0602004260039706
0.394	0.05885318873115064
0.395	0.05750595145833067
0.396	0.05615871418551071
0.397	0.05481147691269074
0.398	0.05346423963987078
0.399	0.05211700236705081
0.4	0.051851708884658475
0.401	0.050920574497245456
0.402	0.049989440109832355
0.403	0.049058305722419336
0.404	0.048127171335006325
0.405	0.047196036947593306
0.406	0.046264902560180295
0.407	0.04662304817796561
0.408	0.046051840831830775
0.409	0.045480633485695934
0.41	0.0449094261395611
0.411	0.04433821879342626
0.412	0.04376701144729143
0.413	0.0431958041011565
0.414	0.042624596755021754
0.415	0.042053389408886824
0.416	0.041482182062751984
0.417	0.03831009717535026
0.418	0.037780166894502996
0.419	0.037250236613655716
0.42	0.03672030633280845
0.421	0.036190376051961175
0.422	0.03566044577111391
0.423	0.035130515490266634
0.424	0.03460058520941936
0.425	0.03407065492857209
0.426	0.03354072464772482
0.427	0.033010794366877545
0.428	0.03248086408603027
0.429	0.031950933805183004
0.43	0.03142100352433573
0.431	0.030891073243488457
0.432	0.030361142962641186
0.433	0.02983121268179382
0.434	0.029301282400946642
0.435	0.028771352120099274
0.436	0.028241421839252098
0.437	0.027711491558404824
0.438	0.027181561277557553
0.439	0.026651630996710186
0.44	0.025555622075938436
0.441	0.025127886441999408
0.442	0.02470015080806038
0.443	0.02427241517412144
0.444	0.023844679540182417
0.445	0.023416943906243482
0.446	0.022989208272304454
0.447	0.022561472638365426
0.448	0.02213373700442649
0.449	0.021706001370487463
0.45	0.02127826573654853
0.451	0.020850530102609503
0.452	0.020422794468670572
0.453	0.019995058834731544
0.454	0.019567323200792516
0.455	0.01913958756685358
0.456	0.018711851932914553
0.457	0.01828411629897562
0.458	0.01785638066503659
0.459	0.017428645031097565
0.46	0.01700090939715863
0.461	0.016573173763219602
0.462	0.01614543812928067
0.463	0.015717702495341643
0.464	0.015289966861402708
0.465	0.01486223122746368
0.466	0.014434495593524653
0.467	0.014011726168057676
0.468	0.013714657455861314
0.469	0.013417588743664952
0.47	0.01312052003146859
0.471	0.012823451319272228
0.472	0.012526382607075866
0.473	0.012229313894879504
0.474	0.011932245182683144
0.475	0.01163517647048678
0.476	0.011338107758290418
0.477	0.011041039046093963
0.478	0.0107439703338976
0.479	0.010446901621701239
0.48	0.010149832909504877
